+======================================================================+
<ARC1 layer 1.1e+02nm <'MgF2' material>>
<ARC2 layer 60.0nm <'ZnScub' material>>
<Junction object 
	{'T': 300, 'kind': 'PDD'}
	<front_contact layer 3e+02nm <'GaAs' material Nd=3.999999999999998e+24>>
	<window layer 30.0nm <'AlInP' material Al=0.42 Nd=2.9999999999999984e+23>>
	<Emitter layer 1e+02nm <'GaAs' material Nd=1.999999999999999e+24>>
	<Base layer 2.8e+03nm <'GaAs' material Na=4.999999999999997e+22>>
	<BSF layer 1e+02nm <'GaInP' material In=0.35 Na=1.999999999999999e+24>>
	<Buffer layer 1.5e+02nm <'GaAs' material Na=1.999999999999999e+24>>>
+======================================================================+

{'allI': [array([ 3.50537303e+12,  3.50537303e+12,  3.50537303e+12,  3.50537303e+12,
        3.50537303e+12,  3.50537303e+12,  3.50537303e+12,  3.50537303e+12,
        3.50537303e+12,  3.50537303e+12,  3.50537303e+12,  3.50537303e+12,
        3.50537303e+12,  3.50537303e+12,  3.50537303e+12,  3.50537303e+12,
        3.50537303e+12,  3.50537303e+12,  3.50537303e+12,  3.50537303e+12,
        3.50537303e+12,  3.50537303e+12,  3.50537303e+12,  3.50537303e+12,
        3.50537303e+12,  3.50537303e+12,  3.50537303e+12,  3.50537303e+12,
        3.50537303e+12,  3.50537303e+12,  3.50537303e+12,  3.50537303e+12,
        3.50537303e+12,  3.50537303e+12,  3.50537303e+12,  3.50537303e+12,
        3.50537303e+12,  3.50537303e+12,  3.50537303e+12,  3.50537303e+12,
        3.50537303e+12,  3.50537303e+12,  3.50537303e+12,  3.50537303e+12,
        3.50537303e+12,  3.50537303e+12,  3.50537303e+12,  3.50537303e+12,
        3.50537303e+12,  3.50537303e+12,  3.50537303e+12,  3.50537303e+12,
        3.50537303e+12,  3.50537303e+12,  3.50537303e+12,  3.50537303e+12,
        3.50537303e+12,  3.50537303e+12,  3.50537303e+12,  3.50537303e+12,
        3.50537303e+12,  3.50537303e+12,  3.50537303e+12,  3.50537303e+12,
        3.50537303e+12,  3.50537303e+12,  3.50537303e+12,  3.50537303e+12,
        3.50537303e+12,  3.50537303e+12,  3.50537303e+12,  3.50537303e+12,
        3.50537303e+12,  3.50537303e+12,  3.50537303e+12,  3.50537303e+12,
        3.50537303e+12,  3.50537303e+12,  3.50537303e+12,  3.50537303e+12,
        3.50537303e+12,  3.50537303e+12,  3.50537303e+12,  3.50537303e+12,
        3.50537303e+12,  3.50537303e+12,  3.50537303e+12,  3.50537303e+12,
        3.50537303e+12,  3.50537303e+12,  3.50537303e+12,  3.50537303e+12,
        3.50537303e+12,  3.50537303e+12,  3.50537303e+12,  3.50537303e+12,
        3.50537303e+12,  3.50537303e+12,  3.50537303e+12,  3.50537303e+12,
        3.50537303e+12,  3.50537303e+12,  3.50537303e+12,  3.50537303e+12,
        3.50537303e+12,  3.50537303e+12,  3.50537303e+12,  3.50537303e+12,
        3.50537303e+12,  3.50537303e+12,  3.50537303e+12,  3.50537303e+12,
        3.50537303e+12,  3.50537303e+12,  3.50537303e+12,  3.50537303e+12,
        3.50537303e+12,  3.50537303e+12,  3.50537303e+12,  3.50537303e+12,
        3.50537303e+12,  3.50537303e+12,  3.50537303e+12,  3.50537303e+12,
        3.50537303e+12,  3.50537303e+12,  3.50537303e+12,  3.50537303e+12,
        3.50537303e+12,  3.50537303e+12,  3.50537303e+12,  3.50537303e+12,
        3.50537303e+12,  3.50537303e+12,  3.50537303e+12,  3.50537303e+12,
        3.50537303e+12,  3.50537303e+12,  3.50537303e+12,  3.50537303e+12,
        3.50537303e+12,  3.50537303e+12,  3.50537303e+12,  3.50537303e+12,
        3.50537303e+12,  3.50537303e+12,  3.50537303e+12,  3.50537303e+12,
        3.50537303e+12,  3.50537303e+12,  3.50537303e+12,  3.50537303e+12,
        3.50537303e+12,  3.50537303e+12,  3.50537303e+12,  3.50537303e+12,
        3.50537303e+12,  3.50537303e+12,  3.50537303e+12,  3.50537303e+12,
        3.50537303e+12,  3.50537303e+12,  3.50537303e+12,  3.50537303e+12,
        3.50537303e+12,  3.50537303e+12,  3.50537303e+12,  3.50537303e+12,
        3.50537303e+12,  3.17216412e+12,  2.74237051e+12,  2.19371487e+12,
        1.67682745e+12,  1.26462651e+12,  9.21391323e+11,  6.42118655e+11,
        4.41911129e+11,  3.00592767e+11,  1.99500316e+11,  1.30192153e+11,
        8.40092626e+10,  5.38053830e+10,  3.42902458e+10,  2.17803548e+10,
        1.38024892e+10,  8.80951859e+09,  5.65112208e+09,  3.61757831e+09,
        2.31180539e+09,  1.47516130e+09,  9.40066904e+08,  5.98365216e+08,
        3.80458281e+08,  2.41666884e+08,  1.53365235e+08,  9.72438897e+07,
        6.16092602e+07,  3.90030008e+07,  2.46738193e+07,  1.55982984e+07,
        9.90401951e+06,  6.34619554e+06,  4.06038243e+06,  2.59427873e+06,
        1.65539205e+06,  1.05499771e+06,  6.71573196e+05,  4.27014399e+05,
        2.71208808e+05,  1.72054449e+05,  1.09016917e+05,  6.89789377e+04,
        4.35718338e+04,  2.74627554e+04,  1.72571371e+04,  1.07964312e+04,
        6.81224389e+03,  4.25465697e+03,  2.61325950e+03,  1.56153185e+03,
        8.88630112e+02,  4.58692122e+02,  1.84340241e+02,  9.47802255e+00,
       -1.01849954e+02, -1.72655003e+02, -2.17643794e+02, -2.46203315e+02,
       -2.64317900e+02, -2.75798364e+02, -2.83068884e+02, -2.87596686e+02,
       -2.90460207e+02, -2.92299439e+02, -2.93478889e+02, -2.94234135e+02,
       -2.94717104e+02, -2.95025582e+02, -2.95222393e+02, -2.95347835e+02,
       -2.95427719e+02, -2.95478550e+02, -2.95510874e+02, -2.95531418e+02,
       -2.95544470e+02, -2.95552760e+02, -2.95557990e+02, -2.95561262e+02,
       -2.95563374e+02, -2.95564738e+02, -2.95565618e+02, -2.95566186e+02,
       -2.95566553e+02, -2.95566790e+02, -2.95566944e+02, -2.95567044e+02,
       -2.95567109e+02, -2.95567152e+02, -2.95567180e+02, -2.95567199e+02,
       -2.95567211e+02, -2.95567220e+02, -2.95567225e+02, -2.95567229e+02,
       -2.95567232e+02, -2.95567234e+02, -2.95567235e+02, -2.95567236e+02,
       -2.95567237e+02, -2.95567237e+02, -2.95567238e+02, -2.95567238e+02,
       -2.95567238e+02, -2.95567238e+02, -2.95567239e+02, -2.95567239e+02,
       -2.95567239e+02, -2.95567239e+02, -2.95567239e+02, -2.95567239e+02,
       -2.95567239e+02, -2.95567239e+02, -2.95567239e+02, -2.95567239e+02,
       -2.95567239e+02, -2.95567239e+02, -2.95567239e+02, -2.95567239e+02,
       -2.95567239e+02, -2.95567239e+02, -2.95567239e+02, -2.95567239e+02,
       -2.95567239e+02, -2.95567239e+02, -2.95567239e+02, -2.95567239e+02,
       -2.95567239e+02, -2.95567239e+02, -2.95567239e+02, -2.95567239e+02])], 'isc': [-295.5672390741945], 'voc': [-0.8886355313612255], 'FF': [0.8715848584022096], 'pmpp': [228.92311449320934], 'absorbed': [array([6.24685844e-01, 6.17455860e-01, 6.10308627e-01, 6.06885162e-01,
       6.03993219e-01, 6.02250901e-01, 6.01565659e-01, 6.01589530e-01,
       6.03020640e-01, 6.05123186e-01, 6.08148277e-01, 6.12081732e-01,
       6.16681250e-01, 6.21472065e-01, 6.26874588e-01, 6.32866768e-01,
       6.39169148e-01, 6.45929048e-01, 6.54307519e-01, 6.64988972e-01,
       6.75942926e-01, 6.87467356e-01, 6.99518587e-01, 7.11692946e-01,
       7.23527618e-01, 7.34995417e-01, 7.46504434e-01, 7.57966053e-01,
       7.69315354e-01, 7.80597495e-01, 7.91540311e-01, 8.01433678e-01,
       8.11043211e-01, 8.20324986e-01, 8.30191792e-01, 8.39716585e-01,
       8.48781053e-01, 8.59322994e-01, 8.71259762e-01, 8.82703635e-01,
       8.93612063e-01, 9.04270231e-01, 9.14392498e-01, 9.23941291e-01,
       9.32169942e-01, 9.38469185e-01, 9.44372638e-01, 9.49896067e-01,
       9.54783286e-01, 9.59122992e-01, 9.63162300e-01, 9.66893805e-01,
       9.70085317e-01, 9.72837667e-01, 9.75298715e-01, 9.77476505e-01,
       9.79261298e-01, 9.80720273e-01, 9.81998196e-01, 9.83123596e-01,
       9.84091489e-01, 9.84882673e-01, 9.85597701e-01, 9.86253083e-01,
       9.86861717e-01, 9.87337165e-01, 9.87764784e-01, 9.88157938e-01,
       9.88515973e-01, 9.88811574e-01, 9.89009451e-01, 9.89157261e-01,
       9.89246601e-01, 9.89266265e-01, 9.89169260e-01, 9.88963703e-01,
       9.88665923e-01, 9.88272889e-01, 9.87780207e-01, 9.87174903e-01,
       9.86478253e-01, 9.85704672e-01, 9.84869835e-01, 9.83991347e-01,
       9.83080306e-01, 9.82164525e-01, 9.81263558e-01, 9.80401719e-01,
       9.79592787e-01, 9.78864057e-01, 9.78206286e-01, 9.77653458e-01,
       9.77205961e-01, 9.76883433e-01, 9.76682023e-01, 9.76597623e-01,
       9.76607775e-01, 9.76728839e-01, 9.76956334e-01, 9.77290459e-01,
       9.77722564e-01, 9.78215465e-01, 9.78744143e-01, 9.79342260e-01,
       9.79980575e-01, 9.80640181e-01, 9.81311769e-01, 9.81964746e-01,
       9.82591600e-01, 9.83175393e-01, 9.83687806e-01, 9.84102968e-01,
       9.84396962e-01, 9.84586367e-01, 9.84616917e-01, 9.84515962e-01,
       9.84279881e-01, 9.83913725e-01, 9.83440724e-01, 9.82833375e-01,
       9.82122541e-01, 9.81329411e-01, 9.80458929e-01, 9.79519098e-01,
       9.78529840e-01, 9.77504239e-01, 9.76450689e-01, 9.75419581e-01,
       9.74418024e-01, 9.73450477e-01, 9.72525301e-01, 9.71657283e-01,
       9.70868105e-01, 9.70183433e-01, 9.69578814e-01, 9.69081846e-01,
       9.68715821e-01, 9.68465186e-01, 9.68329910e-01, 9.68320316e-01,
       9.68450600e-01, 9.68688175e-01, 9.69036649e-01, 9.69497353e-01,
       9.70059907e-01, 9.70719000e-01, 9.71466474e-01, 9.72296123e-01,
       9.73212107e-01, 9.74169499e-01, 9.75208663e-01, 9.76294014e-01,
       9.77408400e-01, 9.78555110e-01, 9.79725606e-01, 9.80911814e-01,
       9.82096682e-01, 9.83280151e-01, 9.84464376e-01, 9.85631960e-01,
       9.86773248e-01, 9.87883854e-01, 9.88957662e-01, 9.89990569e-01,
       9.90979430e-01, 9.91908263e-01, 9.92783532e-01, 9.93600167e-01,
       9.94344827e-01, 9.95020405e-01, 9.95625942e-01, 9.96161328e-01,
       9.96618949e-01, 9.97007821e-01, 9.97319064e-01, 9.97551323e-01,
       9.97708982e-01, 9.97780826e-01, 9.97773744e-01, 9.97717615e-01,
       9.97623108e-01, 9.97466921e-01, 9.97249924e-01, 9.96971981e-01,
       9.96639931e-01, 9.96258420e-01, 9.95831594e-01, 9.95362943e-01,
       9.94851870e-01, 9.94302162e-01, 9.93790623e-01, 9.93241875e-01,
       9.92658521e-01, 9.92046975e-01, 9.91415730e-01, 9.90772218e-01,
       9.90112012e-01, 9.89446628e-01, 9.88759988e-01, 9.88039982e-01,
       9.87288424e-01, 9.86753803e-01, 9.86198881e-01, 9.85635500e-01,
       9.85077745e-01, 9.84537394e-01, 9.84029031e-01, 9.83535433e-01,
       9.83044439e-01, 9.82543139e-01, 9.82013680e-01, 9.81443102e-01,
       9.80743881e-01, 9.79788990e-01, 9.78784696e-01, 9.77745770e-01,
       9.76702816e-01, 9.75679975e-01, 9.74682710e-01, 9.73681728e-01,
       9.72674813e-01, 9.71622515e-01, 9.70474956e-01, 9.69227253e-01,
       9.67854980e-01, 9.64711498e-01, 9.60474730e-01, 9.55627474e-01,
       9.50157503e-01, 9.44097348e-01, 9.37377772e-01, 9.29934011e-01,
       9.21565938e-01, 9.12028383e-01, 9.00876099e-01, 8.87683736e-01,
       8.71932707e-01, 8.53269828e-01, 8.31969417e-01, 8.09063405e-01,
       7.83504803e-01, 7.55471751e-01, 7.24949451e-01, 6.91586113e-01,
       6.54666340e-01, 6.13029003e-01, 5.65096349e-01, 5.09212358e-01,
       4.43874177e-01, 3.68128502e-01, 2.81817717e-01, 1.85202755e-01,
       7.84217029e-02, 6.80521854e-02, 6.32308882e-02, 5.88075923e-02,
       5.46426699e-02, 5.05615520e-02, 4.63790694e-02, 4.19530517e-02,
       3.72200531e-02, 3.22116639e-02, 2.70377982e-02, 2.18386398e-02,
       1.67315054e-02, 1.17787912e-02, 6.97573778e-03, 2.26661906e-03,
       1.61979708e-06, 1.71600238e-06, 1.84301139e-06, 1.97530307e-06,
       2.08502494e-06, 2.14790209e-06, 2.14993317e-06, 2.09163561e-06,
       1.98833768e-06, 1.86467108e-06, 1.74820985e-06, 1.66269238e-06,
       1.62402501e-06, 1.63865980e-06, 1.70380169e-06, 1.80847461e-06,
       1.93526042e-06, 2.05370380e-06, 2.15366567e-06, 2.22043803e-06,
       2.24306078e-06, 2.21815845e-06, 2.15080702e-06, 2.05342945e-06,
       1.94309779e-06, 1.83795732e-06, 1.75407412e-06, 1.70321018e-06,
       1.69175171e-06, 1.72085562e-06, 1.78632966e-06, 1.87958937e-06,
       1.98922374e-06, 2.10050551e-06, 2.19932620e-06, 2.16031676e-06,
       2.07633967e-06, 1.95628014e-06, 1.80592968e-06, 1.63567602e-06,
       1.45744426e-06, 1.28269714e-06, 1.12066005e-06, 9.77266205e-07,
       8.54488317e-07, 7.51377723e-07, 6.63882342e-07, 5.86906255e-07,
       5.14150066e-07, 4.39920642e-07, 3.59385088e-07, 2.69336943e-07,
       1.68796501e-07, 5.88135750e-08, 1.77635684e-15, 1.88737914e-15,
       1.94289029e-15, 1.27675648e-15, 1.55431223e-15, 9.99200722e-16,
       8.88178420e-16, 1.77635684e-15, 9.43689571e-16, 3.88578059e-16,
       9.99200722e-16, 1.11022302e-15, 8.32667268e-16, 2.10942375e-15,
       1.22124533e-15, 1.88737914e-15, 6.66133815e-16, 7.21644966e-16,
       1.27675648e-15, 8.32667268e-16, 6.66133815e-16, 1.05471187e-15,
       1.16573418e-15, 7.21644966e-16, 7.77156117e-16, 7.77156117e-16,
       1.05471187e-15, 1.94289029e-15, 1.72084569e-15, 4.44089210e-16,
       1.33226763e-15, 1.27675648e-15, 1.22124533e-15, 4.44089210e-16,
       1.11022302e-15, 1.44328993e-15, 9.99200722e-16, 1.55431223e-15,
       1.38777878e-15, 1.11022302e-15, 1.77635684e-15, 6.10622664e-16,
       2.27595720e-15, 1.11022302e-15, 1.49880108e-15, 5.55111512e-16,
       5.55111512e-16, 4.99600361e-16, 7.77156117e-16, 1.05471187e-15,
       9.43689571e-16, 1.94289029e-15, 1.11022302e-16, 1.33226763e-15,
       1.60982339e-15, 1.05471187e-15, 1.11022302e-15, 8.88178420e-16,
       3.88578059e-16, 1.44328993e-15, 3.88578059e-16, 1.27675648e-15,
       1.99840144e-15, 8.88178420e-16, 9.43689571e-16, 9.99200722e-16,
       8.32667268e-16, 1.33226763e-15, 1.49880108e-15, 8.88178420e-16,
       1.11022302e-15, 3.33066907e-16, 1.55431223e-15, 8.32667268e-16,
       3.88578059e-16, 1.16573418e-15, 9.99200722e-16, 6.66133815e-16,
       1.33226763e-15])]}